force_x,force_y,force_z,trans_x,trans_y,trans_z,trans_r_x,trans_r_y,trans_r_z,trans_r_w
0.000000,0.420000,-0.060000,0.010061,-0.075201,-0.000009,0.001983,-0.000023,-0.000508,0.999998
0.000000,0.420000,-0.060000,0.010061,-0.075201,-0.000009,0.001983,-0.000023,-0.000508,0.999998
0.000000,0.420000,-0.060000,0.010061,-0.075201,-0.000009,0.001983,-0.000023,-0.000500,0.999998
0.000000,0.420000,-0.060000,0.010061,-0.075201,-0.000009,0.001983,-0.000023,-0.000500,0.999998
0.000000,0.420000,-0.060000,0.010061,-0.075201,-0.000009,0.001983,-0.000023,-0.000508,0.999998
0.000000,0.420000,-0.060000,0.010052,-0.075206,-0.000009,0.001992,-0.000038,-0.000508,0.999998
0.000000,0.420000,-0.060000,0.010052,-0.075206,-0.000009,0.001992,-0.000038,-0.000508,0.999998
0.000000,0.420000,-0.060000,0.010055,-0.075210,-0.000009,0.001999,-0.000033,-0.000500,0.999998
0.000000,0.420000,-0.060000,0.010061,-0.075201,-0.000009,0.001983,-0.000023,-0.000500,0.999998
0.000000,0.420000,-0.060000,0.010061,-0.075201,-0.000009,0.001983,-0.000023,-0.000500,0.999998
0.000000,0.420000,-0.060000,0.010061,-0.075201,-0.000009,0.001983,-0.000023,-0.000508,0.999998
0.000000,0.420000,-0.060000,0.010061,-0.075201,-0.000009,0.001983,-0.000023,-0.000500,0.999998
0.000000,0.420000,-0.060000,0.010061,-0.075201,-0.000009,0.001983,-0.000023,-0.000500,0.999998
0.000000,0.420000,-0.060000,0.010052,-0.075206,-0.000009,0.001992,-0.000038,-0.000508,0.999998
0.000000,0.420000,-0.060000,0.010052,-0.075206,-0.000009,0.001992,-0.000038,-0.000508,0.999998
0.000000,0.420000,-0.060000,0.010052,-0.075206,-0.000009,0.001992,-0.000038,-0.000508,0.999998
0.000000,0.420000,-0.060000,0.010052,-0.075206,-0.000009,0.001992,-0.000038,-0.000508,0.999998
0.000000,0.420000,-0.060000,0.010052,-0.075206,-0.000009,0.001992,-0.000038,-0.000500,0.999998
0.000000,0.420000,-0.060000,0.010052,-0.075206,-0.000009,0.001992,-0.000038,-0.000508,0.999998
0.000000,0.420000,-0.060000,0.010052,-0.075206,-0.000009,0.001992,-0.000038,-0.000508,0.999998
0.000000,0.420000,-0.060000,0.010061,-0.075201,-0.000009,0.001983,-0.000023,-0.000508,0.999998
0.000000,0.420000,-0.060000,0.010052,-0.075206,-0.000009,0.001992,-0.000038,-0.000500,0.999998
0.000000,0.420000,-0.060000,0.010052,-0.075206,-0.000009,0.001992,-0.000038,-0.000500,0.999998
0.000000,0.420000,-0.060000,0.010052,-0.075212,-0.000014,0.002000,-0.000038,-0.000508,0.999998
0.000000,0.420000,-0.060000,0.010052,-0.075212,-0.000014,0.002000,-0.000038,-0.000508,0.999998
0.000000,0.420000,-0.060000,0.010063,-0.075204,-0.000008,0.001983,-0.000022,-0.000491,0.999998
0.000000,0.420000,-0.060000,0.010061,-0.075201,-0.000009,0.001983,-0.000023,-0.000508,0.999998
0.000000,0.420000,-0.060000,0.010061,-0.075201,-0.000009,0.001983,-0.000023,-0.000508,0.999998
0.000000,0.420000,-0.060000,0.010061,-0.075201,-0.000009,0.001983,-0.000023,-0.000500,0.999998
0.000000,0.420000,-0.060000,0.010061,-0.075201,-0.000009,0.001983,-0.000023,-0.000500,0.999998
0.000000,0.420000,-0.060000,0.010061,-0.075206,-0.000014,0.001991,-0.000023,-0.000508,0.999998
0.000000,0.420000,-0.060000,0.010052,-0.075206,-0.000009,0.001992,-0.000038,-0.000508,0.999998
0.000000,0.420000,-0.060000,0.010061,-0.075201,-0.000009,0.001983,-0.000023,-0.000508,0.999998
0.000000,0.420000,-0.060000,0.010061,-0.075201,-0.000009,0.001983,-0.000023,-0.000508,0.999998
0.000000,0.420000,-0.060000,0.010052,-0.075206,-0.000009,0.001992,-0.000038,-0.000500,0.999998
0.000000,0.420000,-0.060000,0.010054,-0.075209,-0.000008,0.001992,-0.000037,-0.000491,0.999998
0.000000,0.420000,-0.060000,0.010054,-0.075209,-0.000008,0.001992,-0.000037,-0.000491,0.999998
0.000000,0.420000,-0.060000,0.010052,-0.075206,-0.000009,0.001992,-0.000038,-0.000500,0.999998
0.000000,0.420000,-0.060000,0.010052,-0.075206,-0.000009,0.001992,-0.000038,-0.000500,0.999998
0.000000,0.420000,-0.060000,0.010061,-0.075201,-0.000009,0.001983,-0.000023,-0.000500,0.999998
0.000000,0.420000,-0.060000,0.010061,-0.075201,-0.000009,0.001983,-0.000023,-0.000500,0.999998
0.000000,0.420000,-0.060000,0.010061,-0.075201,-0.000009,0.001983,-0.000023,-0.000508,0.999998
0.000000,0.420000,-0.060000,0.010052,-0.075206,-0.000009,0.001992,-0.000038,-0.000500,0.999998
0.000000,0.420000,-0.060000,0.010052,-0.075206,-0.000009,0.001992,-0.000038,-0.000500,0.999998
0.000000,0.420000,-0.060000,0.010052,-0.075206,-0.000009,0.001992,-0.000038,-0.000500,0.999998
0.000000,0.420000,-0.060000,0.010061,-0.075201,-0.000009,0.001983,-0.000023,-0.000500,0.999998
0.000000,0.420000,-0.060000,0.010061,-0.075201,-0.000009,0.001983,-0.000023,-0.000500,0.999998
0.000000,0.420000,-0.060000,0.010052,-0.075206,-0.000009,0.001992,-0.000038,-0.000508,0.999998
0.000000,0.420000,-0.060000,0.010052,-0.075206,-0.000009,0.001992,-0.000038,-0.000508,0.999998
0.000000,0.420000,-0.060000,0.010052,-0.075206,-0.000009,0.001992,-0.000038,-0.000508,0.999998
0.000000,0.420000,-0.060000,0.010052,-0.075206,-0.000009,0.001992,-0.000038,-0.000500,0.999998
0.000000,0.420000,-0.060000,0.010061,-0.075201,-0.000009,0.001983,-0.000023,-0.000508,0.999998
0.000000,0.420000,-0.060000,0.010061,-0.075201,-0.000009,0.001983,-0.000023,-0.000508,0.999998
0.000000,0.420000,-0.060000,0.010061,-0.075201,-0.000009,0.001983,-0.000023,-0.000508,0.999998
0.000000,0.420000,-0.060000,0.010053,-0.075162,0.000014,0.001939,-0.000026,-0.000525,0.999998
0.000000,0.420000,-0.060000,0.009567,-0.073909,0.000021,0.001882,-0.000229,-0.000496,0.999998
0.010000,0.420000,-0.060000,0.008666,-0.069003,0.000192,0.001470,-0.000029,-0.000902,0.999999
0.010000,0.420000,-0.060000,0.007472,-0.060759,0.000393,0.000989,0.000488,0.000138,0.999999
0.010000,0.410000,-0.060000,0.005903,-0.050174,0.000482,0.000601,0.001192,-0.000334,0.999999
0.010000,0.400000,-0.060000,0.005005,-0.042547,0.000469,0.000569,0.001863,-0.000113,0.999998
0.010000,0.400000,-0.060000,0.003904,-0.034385,0.000325,0.000659,0.001781,-0.000132,0.999998
0.010000,0.390000,-0.050000,0.002910,-0.026188,0.000185,0.000210,0.001651,0.000288,0.999999
0.010000,0.380000,-0.050000,0.001601,-0.016264,-0.000239,0.000307,0.001227,-0.000635,0.999999
0.010000,0.370000,-0.050000,0.001466,-0.013473,-0.000196,-0.000042,0.001088,0.000020,0.999999
0.010000,0.370000,-0.050000,0.001436,-0.012912,-0.000219,-0.000062,0.001032,0.000391,0.999999
0.010000,0.370000,-0.050000,0.000920,-0.007996,-0.000503,0.000294,0.000588,0.000211,1.000000
0.010000,0.360000,-0.050000,0.000521,-0.003968,-0.000678,0.000096,0.000213,0.000426,1.000000
0.010000,0.360000,-0.050000,0.000521,-0.003968,-0.000678,0.000096,0.000213,0.000426,1.000000
0.010000,0.360000,-0.050000,0.000126,-0.002396,-0.000996,0.000565,-0.000199,0.000211,1.000000
0.020000,0.360000,-0.050000,-0.000249,-0.001391,-0.001140,0.000601,-0.000451,-0.000913,0.999999
0.020000,0.360000,-0.050000,-0.000249,-0.001391,-0.001140,0.000601,-0.000451,-0.000913,0.999999
0.020000,0.360000,-0.050000,-0.000316,-0.000993,-0.001183,0.000665,-0.000463,-0.001004,0.999999
0.020000,0.360000,-0.050000,-0.000203,-0.000932,-0.001151,0.000707,-0.000311,-0.000949,0.999999
0.020000,0.360000,-0.050000,-0.000029,-0.000720,-0.001001,0.000509,-0.000091,-0.000785,1.000000
0.020000,0.360000,-0.050000,-0.000029,-0.000720,-0.001001,0.000509,-0.000091,-0.000785,1.000000
0.020000,0.360000,-0.050000,-0.000029,-0.000720,-0.001001,0.000509,-0.000091,-0.000785,1.000000
0.020000,0.360000,-0.050000,0.000039,-0.000761,-0.001093,0.000712,-0.000067,-0.000628,1.000000
0.020000,0.360000,-0.050000,0.000100,-0.000846,-0.001055,0.000685,-0.000016,-0.000572,1.000000
0.020000,0.360000,-0.050000,0.000464,-0.001690,-0.000974,0.000802,0.000275,-0.000588,0.999999
0.020000,0.370000,-0.050000,0.000893,-0.005833,-0.000843,0.001457,0.000411,-0.001268,0.999998
0.010000,0.370000,-0.050000,0.001906,-0.012415,-0.000722,0.000942,0.000603,-0.000492,0.999999
0.010000,0.380000,-0.050000,0.001932,-0.014097,-0.000774,0.001004,0.000474,-0.000955,0.999999
0.010000,0.390000,-0.050000,0.003135,-0.025202,-0.000589,0.001298,0.000262,-0.001215,0.999998
0.010000,0.400000,-0.050000,0.004569,-0.037527,-0.000242,0.000865,0.000316,-0.001282,0.999999
0.010000,0.410000,-0.050000,0.005562,-0.047327,-0.000267,0.000982,-0.000172,-0.001665,0.999998
0.010000,0.420000,-0.050000,0.006544,-0.053854,-0.000145,0.000850,-0.000174,-0.001101,0.999999
0.010000,0.420000,-0.050000,0.007400,-0.060842,-0.000112,0.000701,-0.000283,-0.001222,0.999999
0.010000,0.420000,-0.060000,0.008205,-0.066532,-0.000064,0.000195,-0.000467,-0.001925,0.999998
0.010000,0.420000,-0.060000,0.009312,-0.070223,0.000038,0.000233,-0.000009,-0.001002,0.999999
0.010000,0.420000,-0.060000,0.009800,-0.072285,0.000085,0.000332,0.000214,-0.000573,1.000000
0.010000,0.420000,-0.060000,0.009996,-0.073046,0.000159,0.000355,0.000330,-0.000573,1.000000
0.010000,0.420000,-0.060000,0.010094,-0.073656,0.000203,0.000402,0.000373,-0.000936,0.999999
0.010000,0.420000,-0.060000,0.010326,-0.074208,0.000226,0.000445,0.000373,-0.000573,1.000000
0.010000,0.420000,-0.060000,0.010407,-0.074506,0.000225,0.000501,0.000310,-0.000346,1.000000
0.010000,0.420000,-0.060000,0.010447,-0.074748,0.000210,0.000588,0.000253,-0.000129,1.000000
0.010000,0.420000,-0.060000,0.010329,-0.074812,0.000168,0.000617,0.000098,-0.000190,1.000000
0.010000,0.420000,-0.060000,0.010228,-0.074878,0.000120,0.000646,-0.000039,-0.000252,1.000000
0.000000,0.420000,-0.060000,0.010185,-0.074891,0.000103,0.000641,-0.000076,-0.000301,1.000000
0.000000,0.420000,-0.060000,0.010118,-0.074929,0.000069,0.000644,-0.000119,-0.000418,1.000000
0.000000,0.420000,-0.060000,0.010113,-0.074944,0.000055,0.000655,-0.000127,-0.000451,1.000000
0.000000,0.420000,-0.060000,0.010076,-0.074956,0.000038,0.000648,-0.000146,-0.000553,1.000000
0.000000,0.420000,-0.060000,0.010016,-0.075048,-0.000010,0.000721,-0.000162,-0.000769,0.999999
0.000000,0.420000,-0.060000,0.010016,-0.075048,-0.000010,0.000721,-0.000162,-0.000769,0.999999
0.000000,0.420000,-0.060000,0.009985,-0.075098,-0.000009,0.000727,-0.000171,-0.000865,0.999999
0.000000,0.420000,-0.060000,0.010025,-0.075139,-0.000003,0.000723,-0.000148,-0.000787,0.999999
0.000000,0.420000,-0.060000,0.010025,-0.075139,-0.000003,0.000723,-0.000148,-0.000787,0.999999
0.000000,0.420000,-0.060000,0.010053,-0.075182,-0.000008,0.000725,-0.000143,-0.000691,0.999999
0.000000,0.420000,-0.060000,0.010076,-0.075199,0.000005,0.000708,-0.000133,-0.000683,1.000000
0.000000,0.420000,-0.060000,0.009863,-0.074909,0.000651,0.000280,-0.000536,-0.000746,1.000000
0.000000,0.420000,-0.060000,0.009955,-0.074835,0.003267,0.000087,-0.000472,-0.000505,1.000000
0.000000,0.420000,-0.060000,0.010364,-0.075035,0.009546,0.000299,0.000252,-0.000609,1.000000
0.000000,0.420000,-0.050000,0.010393,-0.075071,0.013705,0.000088,0.000159,-0.000122,1.000000
0.000000,0.420000,-0.050000,0.009854,-0.076188,0.026353,0.001193,-0.000545,0.000357,0.999999
0.000000,0.420000,-0.050000,0.009713,-0.075873,0.035955,0.000549,-0.000632,-0.000047,1.000000
0.000000,0.420000,-0.050000,0.009818,-0.076447,0.047443,0.001234,-0.000423,-0.000334,0.999999
0.000000,0.420000,-0.050000,0.009362,-0.076149,0.059259,0.000832,-0.001215,-0.000032,0.999999
0.000000,0.420000,0.000000,0.009908,-0.076239,0.067902,0.001271,-0.000362,-0.000290,0.999999
-0.040000,0.430000,0.490000,0.009805,-0.076001,0.071080,0.001141,-0.000422,-0.000458,0.999999
-0.140000,0.440000,1.130000,0.009694,-0.075793,0.075096,0.001279,-0.000664,-0.000579,0.999999
-0.220000,0.450000,1.350000,0.009558,-0.075073,0.077146,0.000465,-0.000872,-0.000541,0.999999
-0.290000,0.460000,1.370000,0.009622,-0.075033,0.077629,0.000521,-0.000809,-0.000506,0.999999
-0.370000,0.490000,1.590000,0.010085,-0.075133,0.078767,0.000779,-0.000383,-0.000129,1.000000
-0.460000,0.540000,1.800000,0.010237,-0.075086,0.079184,0.000752,-0.000212,-0.000115,1.000000
-0.520000,0.580000,1.830000,0.010237,-0.074968,0.079399,0.000662,-0.000158,-0.000262,1.000000
-0.550000,0.590000,1.840000,0.010230,-0.075049,0.079467,0.000793,-0.000151,-0.000370,1.000000
-0.570000,0.600000,1.870000,0.010199,-0.075098,0.079507,0.000845,-0.000177,-0.000466,1.000000
-0.590000,0.590000,1.890000,0.010156,-0.075134,0.079541,0.000882,-0.000207,-0.000565,0.999999
-0.600000,0.570000,1.900000,0.010120,-0.075158,0.079603,0.000899,-0.000212,-0.000689,0.999999
-0.600000,0.560000,1.920000,0.010074,-0.075163,0.079644,0.000900,-0.000248,-0.000740,0.999999
-0.610000,0.560000,1.930000,0.010074,-0.075163,0.079644,0.000900,-0.000248,-0.000740,0.999999
-0.620000,0.550000,1.950000,0.009996,-0.075194,0.079738,0.000910,-0.000335,-0.000722,0.999999
-0.630000,0.550000,1.970000,0.009986,-0.075215,0.079828,0.000877,-0.000328,-0.000645,0.999999
-0.640000,0.550000,1.990000,0.009986,-0.075215,0.079828,0.000877,-0.000328,-0.000645,0.999999
-0.650000,0.560000,2.000000,0.010045,-0.075217,0.079884,0.000902,-0.000239,-0.000654,0.999999
-0.650000,0.580000,2.010000,0.010045,-0.075217,0.079884,0.000902,-0.000239,-0.000654,0.999999
-0.660000,0.590000,2.010000,0.010071,-0.075175,0.079946,0.000875,-0.000187,-0.000685,0.999999
-0.670000,0.600000,2.030000,0.010105,-0.075191,0.079989,0.000931,-0.000130,-0.000744,0.999999
-0.680000,0.610000,2.020000,0.010125,-0.075359,0.079887,0.001126,-0.000108,-0.000757,0.999999
-0.680000,0.620000,1.910000,0.010494,-0.075877,0.079090,0.001838,0.000402,-0.000865,0.999998
-0.640000,0.630000,1.520000,0.010974,-0.075818,0.075035,0.001779,0.001033,-0.000552,0.999998
-0.460000,0.580000,0.780000,0.010959,-0.076211,0.068138,0.002207,0.001023,-0.000575,0.999997
-0.200000,0.480000,0.200000,0.010345,-0.076803,0.057708,0.002592,0.000185,-0.000284,0.999997
-0.060000,0.430000,0.020000,0.010175,-0.076440,0.048847,0.001629,-0.000064,-0.000145,0.999999
-0.030000,0.430000,-0.010000,0.010516,-0.076959,0.033564,0.002164,0.000234,0.000435,0.999998
-0.010000,0.430000,-0.040000,0.009804,-0.076299,0.021291,0.001170,-0.000901,0.000664,0.999999
0.000000,0.420000,-0.050000,0.010227,-0.075944,0.013792,0.000991,-0.000139,0.000188,0.999999
0.000000,0.420000,-0.050000,0.010441,-0.076016,0.009872,0.001497,0.000360,-0.000154,0.999999
0.000000,0.420000,-0.050000,0.010018,-0.075745,0.005502,0.001375,-0.000283,-0.000295,0.999999
0.000000,0.420000,-0.060000,0.009798,-0.075409,0.003267,0.000968,-0.000598,-0.000580,0.999999
0.000000,0.420000,-0.060000,0.009536,-0.075287,0.001809,0.000946,-0.000798,-0.001068,0.999999
0.000000,0.420000,-0.060000,0.009489,-0.075173,0.001483,0.000822,-0.000826,-0.001157,0.999999
0.000000,0.420000,-0.060000,0.009726,-0.075282,0.000804,0.000932,-0.000501,-0.000991,0.999999
0.000000,0.420000,-0.060000,0.009783,-0.075525,0.000499,0.001321,-0.000436,-0.000923,0.999999
0.000000,0.420000,-0.060000,0.009855,-0.075503,0.000428,0.001332,-0.000370,-0.000823,0.999999
0.000000,0.420000,-0.060000,0.009884,-0.075463,0.000407,0.001283,-0.000349,-0.000758,0.999999
0.000000,0.420000,-0.060000,0.009926,-0.075406,0.000371,0.001222,-0.000329,-0.000603,0.999999
0.000000,0.420000,-0.060000,0.009970,-0.075333,0.000328,0.001151,-0.000284,-0.000483,0.999999
0.000000,0.420000,-0.060000,0.010002,-0.075323,0.000308,0.001148,-0.000255,-0.000447,0.999999
0.000000,0.420000,-0.060000,0.010080,-0.075252,0.000239,0.001099,-0.000173,-0.000467,0.999999
0.000000,0.420000,-0.060000,0.010080,-0.075252,0.000239,0.001099,-0.000173,-0.000467,0.999999
0.000000,0.420000,-0.060000,0.010117,-0.075156,0.000167,0.000997,-0.000158,-0.000472,0.999999
0.000000,0.420000,-0.060000,0.010117,-0.075156,0.000167,0.000997,-0.000158,-0.000472,0.999999
0.000000,0.420000,-0.060000,0.010102,-0.075117,0.000101,0.000975,-0.000149,-0.000569,0.999999
0.000000,0.420000,-0.060000,0.010102,-0.075117,0.000101,0.000975,-0.000149,-0.000569,0.999999
0.000000,0.420000,-0.060000,0.010079,-0.075136,0.000038,0.001005,-0.000181,-0.000598,0.999999
0.000000,0.420000,-0.060000,0.010072,-0.075175,0.000005,0.001063,-0.000193,-0.000598,0.999999
0.000000,0.420000,-0.060000,0.010104,-0.075133,0.000038,0.001002,-0.000186,-0.000720,0.999999
0.000000,0.420000,-0.060000,0.009912,-0.074590,0.001779,0.000234,-0.000649,-0.000640,1.000000
0.000000,0.420000,-0.060000,0.010096,-0.074594,0.003272,0.000278,-0.000411,-0.000524,1.000000
0.000000,0.420000,-0.060000,0.010521,-0.074892,0.011922,0.000443,0.000393,-0.000566,1.000000
0.000000,0.420000,-0.060000,0.010007,-0.075668,0.021676,0.001016,-0.000645,0.000338,0.999999
0.000000,0.420000,-0.050000,0.010094,-0.075627,0.031795,0.000576,-0.000199,0.000183,1.000000
0.000000,0.420000,-0.050000,0.009694,-0.076568,0.045462,0.001627,-0.000749,0.000387,0.999998
0.000000,0.420000,-0.050000,0.009425,-0.076226,0.058479,0.001168,-0.001213,0.000199,0.999999
0.000000,0.420000,-0.050000,0.009710,-0.076094,0.065842,0.001276,-0.000656,-0.000459,0.999999
0.000000,0.420000,-0.050000,0.010063,-0.075826,0.069994,0.001115,-0.000179,-0.000108,0.999999
-0.010000,0.410000,0.100000,0.009788,-0.075963,0.073842,0.001624,-0.000519,-0.000378,0.999998
-0.070000,0.400000,0.620000,0.009567,-0.075737,0.075642,0.001589,-0.000896,-0.000479,0.999998
-0.150000,0.410000,1.030000,0.009842,-0.075525,0.077531,0.001513,-0.000529,-0.000374,0.999999
-0.140000,0.450000,0.930000,0.010033,-0.075550,0.078296,0.001636,-0.000443,-0.000117,0.999999
-0.110000,0.500000,0.900000,0.010202,-0.075260,0.078998,0.001231,-0.000306,0.000125,0.999999
-0.140000,0.540000,1.050000,0.010275,-0.075112,0.079242,0.001101,-0.000172,0.000025,0.999999
-0.180000,0.580000,1.120000,0.010273,-0.075033,0.079434,0.001055,-0.000118,-0.000132,0.999999
-0.190000,0.590000,1.140000,0.010246,-0.075069,0.079469,0.001087,-0.000135,-0.000180,0.999999
-0.200000,0.590000,1.140000,0.010203,-0.075117,0.079518,0.001126,-0.000157,-0.000257,0.999999
-0.210000,0.580000,1.150000,0.010195,-0.075149,0.079575,0.001155,-0.000140,-0.000333,0.999999
-0.220000,0.560000,1.140000,0.010199,-0.075196,0.079616,0.001200,-0.000129,-0.000381,0.999999
-0.220000,0.540000,1.120000,0.010199,-0.075196,0.079616,0.001200,-0.000129,-0.000381,0.999999
-0.210000,0.520000,1.120000,0.010211,-0.075277,0.079702,0.001303,-0.000069,-0.000502,0.999999
-0.210000,0.500000,1.130000,0.010211,-0.075277,0.079702,0.001303,-0.000069,-0.000502,0.999999
-0.220000,0.480000,1.180000,0.010166,-0.075322,0.079789,0.001345,-0.000081,-0.000524,0.999999
-0.240000,0.460000,1.260000,0.010151,-0.075332,0.079845,0.001363,-0.000104,-0.000516,0.999999
-0.270000,0.430000,1.340000,0.010151,-0.075332,0.079845,0.001363,-0.000104,-0.000516,0.999999
-0.290000,0.430000,1.370000,0.010148,-0.075308,0.079908,0.001361,-0.000104,-0.000538,0.999999
-0.290000,0.420000,1.380000,0.010157,-0.075253,0.079961,0.001305,-0.000088,-0.000547,0.999999
-0.300000,0.420000,1.400000,0.010174,-0.075459,0.079836,0.001541,-0.000074,-0.000550,0.999999
-0.310000,0.410000,1.350000,0.010339,-0.075787,0.079050,0.002008,0.000153,-0.000721,0.999998
-0.300000,0.410000,1.080000,0.010600,-0.075688,0.077661,0.001909,0.000519,-0.000662,0.999998
-0.210000,0.420000,0.550000,0.010722,-0.075739,0.070041,0.001817,0.000698,-0.000511,0.999998
-0.080000,0.420000,0.120000,0.010412,-0.076507,0.063135,0.002785,0.000365,-0.000525,0.999996
-0.020000,0.420000,0.000000,0.010084,-0.076214,0.048276,0.001638,-0.000199,0.000079,0.999999
-0.010000,0.420000,-0.020000,0.009813,-0.076561,0.039197,0.002113,-0.000695,0.000303,0.999997
-0.010000,0.420000,-0.040000,0.010072,-0.076524,0.025414,0.001715,-0.000528,0.001023,0.999998
0.000000,0.420000,-0.050000,0.009941,-0.075974,0.015016,0.001451,-0.000513,0.000420,0.999999
0.000000,0.420000,-0.050000,0.010389,-0.075981,0.009696,0.001937,0.000419,-0.000141,0.999998
0.000000,0.420000,-0.050000,0.010214,-0.076114,0.006855,0.002297,0.000161,-0.000162,0.999997
0.000000,0.420000,-0.060000,0.009847,-0.075624,0.003828,0.001779,-0.000514,-0.000236,0.999998
0.000000,0.420000,-0.060000,0.009772,-0.075500,0.002280,0.001721,-0.000397,-0.000701,0.999998
0.000000,0.420000,-0.060000,0.009583,-0.075303,0.001639,0.001454,-0.000639,-0.000844,0.999998
0.000000,0.420000,-0.060000,0.009604,-0.075257,0.001119,0.001394,-0.000593,-0.000857,0.999998
0.000000,0.420000,-0.060000,0.009734,-0.075314,0.000768,0.001454,-0.000410,-0.000760,0.999999
0.000000,0.420000,-0.060000,0.009755,-0.075456,0.000524,0.001702,-0.000404,-0.000680,0.999998
0.000000,0.420000,-0.060000,0.009816,-0.075412,0.000467,0.001685,-0.000352,-0.000544,0.999998
0.000000,0.420000,-0.060000,0.009833,-0.075362,0.000439,0.001644,-0.000335,-0.000531,0.999998
0.000000,0.420000,-0.060000,0.009901,-0.075324,0.000368,0.001629,-0.000275,-0.000420,0.999999
0.000000,0.420000,-0.060000,0.009941,-0.075284,0.000346,0.001591,-0.000238,-0.000417,0.999999
0.000000,0.420000,-0.060000,0.009982,-0.075224,0.000313,0.001546,-0.000198,-0.000422,0.999999
0.000000,0.420000,-0.060000,0.009982,-0.075224,0.000313,0.001546,-0.000198,-0.000422,0.999999
0.000000,0.420000,-0.060000,0.010069,-0.075331,0.000102,0.001766,-0.000110,-0.000425,0.999998
0.010000,0.420000,-0.050000,0.010108,-0.075268,0.000050,0.001703,-0.000053,-0.000461,0.999998
0.010000,0.420000,-0.050000,0.010108,-0.075268,0.000050,0.001703,-0.000053,-0.000461,0.999998
0.000000,0.420000,-0.050000,0.010062,-0.074949,0.000241,0.001216,-0.000127,-0.000460,0.999999
0.000000,0.420000,-0.060000,0.010062,-0.074949,0.000241,0.001216,-0.000127,-0.000460,0.999999
0.000000,0.420000,-0.060000,0.010066,-0.075099,0.000107,0.001443,-0.000118,-0.000451,0.999999
0.000000,0.420000,-0.050000,0.010067,-0.075074,0.000121,0.001405,-0.000115,-0.000450,0.999999
-0.010000,0.430000,-0.030000,0.010067,-0.075074,0.000121,0.001405,-0.000115,-0.000450,0.999999
-0.040000,0.430000,0.130000,0.010042,-0.075374,-0.000161,0.001848,-0.000148,-0.000445,0.999998
-0.060000,0.440000,0.220000,0.010042,-0.075374,-0.000161,0.001848,-0.000148,-0.000445,0.999998
-0.040000,0.440000,0.070000,0.010065,-0.075037,0.000125,0.001361,-0.000109,-0.000474,0.999999
-0.010000,0.430000,-0.030000,0.010059,-0.075185,0.000010,0.001579,-0.000123,-0.000466,0.999999
-0.010000,0.430000,-0.040000,0.010059,-0.075185,0.000010,0.001579,-0.000123,-0.000466,0.999999
-0.010000,0.430000,-0.040000,0.010067,-0.075144,0.000054,0.001508,-0.000116,-0.000449,0.999999
0.000000,0.430000,-0.050000,0.010067,-0.075167,0.000045,0.001545,-0.000115,-0.000450,0.999999
0.000000,0.430000,-0.050000,0.010067,-0.075167,0.000045,0.001545,-0.000115,-0.000450,0.999999
0.000000,0.430000,-0.050000,0.010067,-0.075167,0.000045,0.001545,-0.000115,-0.000441,0.999999
0.000000,0.430000,-0.050000,0.010067,-0.075167,0.000045,0.001545,-0.000115,-0.000441,0.999999
0.000000,0.430000,-0.050000,0.010073,-0.075188,0.000035,0.001577,-0.000106,-0.000451,0.999999
0.000000,0.430000,-0.050000,0.010070,-0.075183,0.000035,0.001570,-0.000110,-0.000442,0.999999
0.000000,0.430000,-0.050000,0.010070,-0.075172,0.000045,0.001552,-0.000110,-0.000442,0.999999
0.000000,0.430000,-0.050000,0.010070,-0.075172,0.000045,0.001552,-0.000110,-0.000442,0.999999
0.000000,0.430000,-0.050000,0.010070,-0.075172,0.000045,0.001552,-0.000110,-0.000442,0.999999
0.000000,0.430000,-0.050000,0.010078,-0.075176,0.000045,0.001560,-0.000105,-0.000434,0.999999
0.000000,0.430000,-0.050000,0.010068,-0.075179,0.000045,0.001564,-0.000113,-0.000442,0.999999
0.000000,0.430000,-0.050000,0.010068,-0.075179,0.000045,0.001564,-0.000113,-0.000442,0.999999
0.000000,0.430000,-0.050000,0.010073,-0.075188,0.000035,0.001577,-0.000106,-0.000442,0.999999
0.000000,0.430000,-0.050000,0.010070,-0.075172,0.000045,0.001552,-0.000110,-0.000442,0.999999
0.000000,0.430000,-0.050000,0.010070,-0.075172,0.000045,0.001552,-0.000110,-0.000442,0.999999
0.000000,0.430000,-0.050000,0.010073,-0.075176,0.000045,0.001560,-0.000106,-0.000442,0.999999
0.000000,0.430000,-0.050000,0.010073,-0.075176,0.000045,0.001560,-0.000106,-0.000442,0.999999
0.000000,0.430000,-0.050000,0.010076,-0.075171,0.000045,0.001552,-0.000109,-0.000433,0.999999
0.000000,0.430000,-0.050000,0.010068,-0.075179,0.000045,0.001564,-0.000113,-0.000442,0.999999
0.000000,0.430000,-0.050000,0.010068,-0.075179,0.000045,0.001564,-0.000113,-0.000442,0.999999
0.000000,0.430000,-0.050000,0.010073,-0.075188,0.000035,0.001577,-0.000106,-0.000442,0.999999
0.000000,0.430000,-0.050000,0.010068,-0.075173,0.000049,0.001555,-0.000113,-0.000442,0.999999
0.000000,0.430000,-0.050000,0.010068,-0.075173,0.000049,0.001555,-0.000113,-0.000442,0.999999
0.000000,0.430000,-0.050000,0.010068,-0.075167,0.000054,0.001547,-0.000113,-0.000451,0.999999
0.000000,0.430000,-0.050000,0.010066,-0.075168,0.000049,0.001548,-0.000118,-0.000451,0.999999
0.000000,0.430000,-0.050000,0.010066,-0.075168,0.000049,0.001548,-0.000118,-0.000451,0.999999
0.000000,0.430000,-0.050000,0.010068,-0.075173,0.000049,0.001555,-0.000113,-0.000451,0.999999
0.000000,0.430000,-0.050000,0.010068,-0.075173,0.000049,0.001555,-0.000113,-0.000451,0.999999
0.000000,0.430000,-0.050000,0.010073,-0.075170,0.000049,0.001551,-0.000106,-0.000442,0.999999
0.000000,0.430000,-0.050000,0.010068,-0.075173,0.000049,0.001555,-0.000113,-0.000451,0.999999
0.000000,0.430000,-0.050000,0.010068,-0.075173,0.000049,0.001555,-0.000113,-0.000451,0.999999
0.000000,0.430000,-0.050000,0.010068,-0.075173,0.000049,0.001555,-0.000113,-0.000451,0.999999
0.000000,0.430000,-0.050000,0.010073,-0.075170,0.000049,0.001551,-0.000106,-0.000451,0.999999
0.000000,0.430000,-0.050000,0.010073,-0.075170,0.000049,0.001551,-0.000106,-0.000451,0.999999
0.000000,0.430000,-0.050000,0.010073,-0.075170,0.000049,0.001551,-0.000106,-0.000442,0.999999
0.000000,0.430000,-0.050000,0.010078,-0.075170,0.000049,0.001551,-0.000105,-0.000442,0.999999
0.000000,0.430000,-0.050000,0.010078,-0.075170,0.000049,0.001551,-0.000105,-0.000442,0.999999
0.000000,0.430000,-0.050000,0.010068,-0.075173,0.000049,0.001555,-0.000113,-0.000451,0.999999
0.000000,0.430000,-0.050000,0.010073,-0.075170,0.000049,0.001551,-0.000106,-0.000442,0.999999
0.000000,0.430000,-0.050000,0.010073,-0.075170,0.000049,0.001551,-0.000106,-0.000442,0.999999
0.000000,0.430000,-0.050000,0.010068,-0.075173,0.000049,0.001555,-0.000113,-0.000451,0.999999
0.000000,0.430000,-0.050000,0.010068,-0.075173,0.000049,0.001555,-0.000113,-0.000451,0.999999
0.000000,0.430000,-0.050000,0.010078,-0.075170,0.000049,0.001551,-0.000105,-0.000434,0.999999
0.000000,0.430000,-0.050000,0.010078,-0.075170,0.000049,0.001551,-0.000105,-0.000434,0.999999
0.000000,0.430000,-0.050000,0.010068,-0.075173,0.000049,0.001555,-0.000113,-0.000442,0.999999
0.000000,0.420000,-0.050000,0.010068,-0.075190,0.000035,0.001582,-0.000113,-0.000442,0.999999
0.000000,0.420000,-0.050000,0.010068,-0.075190,0.000035,0.001582,-0.000113,-0.000442,0.999999
0.000000,0.420000,-0.050000,0.010068,-0.075237,-0.000003,0.001651,-0.000113,-0.000442,0.999999
0.000000,0.420000,-0.050000,0.010068,-0.075208,0.000021,0.001608,-0.000113,-0.000451,0.999999
0.000000,0.420000,-0.060000,0.010068,-0.075208,0.000021,0.001608,-0.000113,-0.000451,0.999999
0.000000,0.420000,-0.060000,0.010073,-0.075205,0.000021,0.001603,-0.000106,-0.000451,0.999999
0.000000,0.420000,-0.060000,0.010073,-0.075292,-0.000051,0.001734,-0.000106,-0.000442,0.999998
0.000000,0.420000,-0.060000,0.010068,-0.075245,-0.000018,0.001673,-0.000108,-0.000460,0.999998
0.000000,0.420000,-0.060000,0.010073,-0.075112,0.000097,0.001464,-0.000106,-0.000442,0.999999
0.000000,0.420000,-0.060000,0.009851,-0.074553,-0.000001,0.001651,-0.000199,-0.000748,0.999998
0.000000,0.420000,-0.060000,0.009609,-0.073792,0.000070,0.001560,-0.000265,-0.000464,0.999999
0.000000,0.410000,-0.060000,0.008656,-0.068647,0.000220,0.001064,-0.000056,-0.000882,0.999999
0.000000,0.410000,-0.060000,0.007439,-0.060427,0.000409,0.000751,0.000433,0.000159,1.000000
0.000000,0.400000,-0.060000,0.005866,-0.049738,0.000497,0.000327,0.001194,-0.000374,0.999999
0.000000,0.400000,-0.060000,0.003874,-0.033964,0.000338,0.000463,0.001772,-0.000088,0.999998
0.010000,0.390000,-0.060000,0.002895,-0.025907,0.000161,0.000135,0.001650,0.000373,0.999999
0.010000,0.380000,-0.050000,0.002278,-0.022137,-0.000001,0.000183,0.001418,-0.000263,0.999999
0.010000,0.380000,-0.050000,0.001476,-0.013424,-0.000234,0.000003,0.001091,0.000118,0.999999
0.010000,0.380000,-0.050000,0.001452,-0.013044,-0.000259,0.000024,0.001052,0.000373,0.999999
0.010000,0.370000,-0.050000,0.000761,-0.006583,-0.000570,0.000265,0.000450,-0.000052,1.000000
0.010000,0.370000,-0.050000,0.000761,-0.006583,-0.000570,0.000265,0.000450,-0.000052,1.000000
0.010000,0.370000,-0.050000,0.000259,-0.003495,-0.000829,0.000407,-0.000080,0.000009,1.000000
0.010000,0.370000,-0.050000,0.000259,-0.003495,-0.000829,0.000407,-0.000080,0.000009,1.000000
0.010000,0.370000,-0.050000,-0.000092,-0.001959,-0.001061,0.000569,-0.000385,-0.000395,1.000000
0.010000,0.370000,-0.050000,-0.000318,-0.001158,-0.001092,0.000490,-0.000511,-0.000973,0.999999
0.010000,0.370000,-0.050000,-0.000318,-0.001158,-0.001092,0.000490,-0.000511,-0.000973,0.999999
0.010000,0.370000,-0.050000,-0.000312,-0.000927,-0.001149,0.000607,-0.000445,-0.001031,0.999999
0.010000,0.370000,-0.050000,-0.000172,-0.000899,-0.001124,0.000706,-0.000270,-0.000952,0.999999
0.010000,0.370000,-0.050000,-0.000172,-0.000899,-0.001124,0.000706,-0.000270,-0.000952,0.999999
0.010000,0.370000,-0.050000,-0.000035,-0.000846,-0.001089,0.000738,-0.000102,-0.000811,0.999999
0.010000,0.370000,-0.050000,0.000026,-0.000714,-0.001048,0.000645,-0.000076,-0.000682,1.000000
0.010000,0.370000,-0.050000,0.000041,-0.000765,-0.001057,0.000680,-0.000065,-0.000657,1.000000
0.010000,0.370000,-0.050000,0.000329,-0.001384,-0.000995,0.000758,0.000168,-0.000754,0.999999
0.010000,0.370000,-0.050000,0.000814,-0.004239,-0.000919,0.001590,0.000539,-0.000906,0.999998
0.010000,0.380000,-0.050000,0.000975,-0.006726,-0.000831,0.001028,0.000322,-0.000952,0.999999
0.010000,0.390000,-0.050000,0.002390,-0.018285,-0.000746,0.001213,0.000429,-0.001103,0.999999
0.010000,0.400000,-0.050000,0.002902,-0.022833,-0.000598,0.001318,0.000337,-0.000934,0.999999
0.000000,0.410000,-0.050000,0.004454,-0.035538,-0.000375,0.001371,0.000440,-0.000985,0.999998
0.000000,0.420000,-0.050000,0.005482,-0.045505,-0.000314,0.001405,0.000076,-0.001782,0.999997
0.000000,0.420000,-0.050000,0.006536,-0.054007,-0.000140,0.001041,-0.000212,-0.001181,0.999999
0.000000,0.420000,-0.050000,0.007642,-0.062387,-0.000082,0.000879,-0.000250,-0.001509,0.999998
0.000000,0.420000,-0.060000,0.008461,-0.067542,-0.000049,0.000456,-0.000390,-0.001731,0.999998
0.000000,0.420000,-0.060000,0.009511,-0.070953,0.000015,0.000491,0.000054,-0.000831,1.000000
0.000000,0.430000,-0.060000,0.009804,-0.072070,0.000033,0.000597,0.000217,-0.000620,1.000000
0.000000,0.430000,-0.060000,0.010037,-0.073069,0.000162,0.000545,0.000364,-0.000568,1.000000
0.000000,0.430000,-0.060000,0.010145,-0.073777,0.000219,0.000591,0.000382,-0.000975,0.999999
0.000000,0.430000,-0.060000,0.010297,-0.074126,0.000213,0.000673,0.000372,-0.000699,0.999999
0.000000,0.430000,-0.060000,0.010406,-0.074437,0.000220,0.000716,0.000325,-0.000429,1.000000
0.000000,0.430000,-0.060000,0.010444,-0.074655,0.000211,0.000747,0.000264,-0.000253,1.000000
0.000000,0.430000,-0.060000,0.010401,-0.074767,0.000183,0.000793,0.000185,-0.000179,1.000000
0.000000,0.430000,-0.060000,0.010278,-0.074851,0.000149,0.000865,0.000016,-0.000261,1.000000
0.000000,0.430000,-0.060000,0.010253,-0.074879,0.000131,0.000889,-0.000002,-0.000295,1.000000
0.000000,0.430000,-0.060000,0.010179,-0.074950,0.000071,0.000912,-0.000070,-0.000366,1.000000
0.000000,0.430000,-0.060000,0.010179,-0.074945,0.000075,0.000903,-0.000070,-0.000366,1.000000
0.000000,0.430000,-0.060000,0.010179,-0.074945,0.000075,0.000903,-0.000070,-0.000366,1.000000
0.000000,0.430000,-0.060000,0.010075,-0.075075,-0.000042,0.001005,-0.000165,-0.000478,0.999999
0.000000,0.430000,-0.060000,0.010017,-0.075107,-0.000025,0.000965,-0.000179,-0.000581,0.999999
0.000000,0.430000,-0.060000,0.010018,-0.075135,-0.000016,0.000949,-0.000176,-0.000746,0.999999
0.000000,0.430000,-0.060000,0.010018,-0.075135,-0.000016,0.000949,-0.000176,-0.000746,0.999999
0.000000,0.430000,-0.060000,0.010035,-0.075170,-0.000011,0.000949,-0.000166,-0.000764,0.999999
0.000000,0.430000,-0.060000,0.010035,-0.075170,-0.000011,0.000949,-0.000166,-0.000764,0.999999
0.000000,0.430000,-0.060000,0.010045,-0.075182,-0.000010,0.000949,-0.000161,-0.000747,0.999999
0.000000,0.430000,-0.060000,0.010044,-0.075191,-0.000004,0.000949,-0.000173,-0.000721,0.999999
0.000000,0.430000,-0.060000,0.009872,-0.074997,0.001055,0.000674,-0.000559,-0.000653,0.999999
0.000000,0.430000,-0.060000,0.010103,-0.074937,0.004812,0.000405,-0.000253,-0.000436,1.000000
0.000000,0.430000,-0.050000,0.010463,-0.075083,0.010858,0.000556,0.000359,-0.000525,1.000000
0.000000,0.430000,0.030000,0.010000,-0.076271,0.019525,0.001992,-0.000448,-0.000312,0.999998
-0.030000,0.380000,0.680000,0.010064,-0.076097,0.031062,0.001101,-0.000128,-0.000126,0.999999
-0.150000,0.320000,1.610000,0.009730,-0.075868,0.043058,0.000619,-0.000489,-0.000228,1.000000
-0.340000,0.290000,2.070000,0.009845,-0.075535,0.051569,-0.000060,-0.000514,0.000119,1.000000
-0.520000,0.300000,2.050000,0.009578,-0.075727,0.062704,0.000485,-0.000757,-0.000193,1.000000
-0.560000,0.290000,1.860000,0.009879,-0.076079,0.067716,0.001278,-0.000513,-0.000234,0.999999
-0.520000,0.290000,1.710000,0.009971,-0.075616,0.073688,0.001045,-0.000288,-0.000316,0.999999
-0.520000,0.310000,1.640000,0.009940,-0.075242,0.076194,0.000825,-0.000310,-0.000563,0.999999
-0.550000,0.330000,1.630000,0.009929,-0.075018,0.077188,0.000569,-0.000357,-0.000473,1.000000
-0.590000,0.340000,1.630000,0.010072,-0.075216,0.078128,0.001062,-0.000269,-0.000365,0.999999
-0.600000,0.360000,1.640000,0.010143,-0.075282,0.078910,0.001261,-0.000361,-0.000072,0.999999
-0.600000,0.360000,1.660000,0.010152,-0.075252,0.079297,0.001317,-0.000362,-0.000140,0.999999
-0.580000,0.360000,1.660000,0.010117,-0.075229,0.079450,0.001316,-0.000393,-0.000229,0.999999
-0.550000,0.340000,1.630000,0.010069,-0.075286,0.079455,0.001390,-0.000435,-0.000307,0.999999
-0.510000,0.310000,1.610000,0.010045,-0.075425,0.079510,0.001557,-0.000426,-0.000475,0.999999
-0.470000,0.290000,1.610000,0.010036,-0.075551,0.079523,0.001736,-0.000415,-0.000565,0.999998
-0.430000,0.280000,1.610000,0.010065,-0.075627,0.079576,0.001831,-0.000329,-0.000669,0.999998
-0.390000,0.270000,1.580000,0.010068,-0.075685,0.079602,0.001888,-0.000282,-0.000761,0.999998
-0.350000,0.260000,1.570000,0.010068,-0.075685,0.079602,0.001888,-0.000282,-0.000761,0.999998
-0.330000,0.260000,1.600000,0.010059,-0.075684,0.079668,0.001850,-0.000243,-0.000784,0.999998
-0.320000,0.260000,1.620000,0.010059,-0.075684,0.079668,0.001850,-0.000243,-0.000784,0.999998
-0.290000,0.250000,1.570000,0.010096,-0.075600,0.079755,0.001696,-0.000159,-0.000756,0.999998
-0.260000,0.250000,1.560000,0.010132,-0.075524,0.079796,0.001585,-0.000105,-0.000738,0.999998
-0.240000,0.250000,1.580000,0.010132,-0.075524,0.079796,0.001585,-0.000105,-0.000738,0.999998
-0.220000,0.260000,1.600000,0.010130,-0.075430,0.079863,0.001475,-0.000108,-0.000758,0.999999
-0.210000,0.260000,1.610000,0.010147,-0.075419,0.079882,0.001449,-0.000095,-0.000726,0.999999
-0.190000,0.250000,1.550000,0.010323,-0.075883,0.079233,0.001925,0.000119,-0.000643,0.999998
-0.150000,0.250000,1.290000,0.010397,-0.075986,0.075919,0.002208,0.000183,-0.000650,0.999997
-0.040000,0.270000,0.790000,0.010330,-0.076360,0.072985,0.002663,0.000166,-0.000774,0.999996
0.110000,0.300000,0.310000,0.010261,-0.076366,0.063176,0.002487,0.000153,-0.000647,0.999997
0.150000,0.360000,0.060000,0.009893,-0.075762,0.051834,0.001093,-0.000364,-0.000228,0.999999
0.070000,0.400000,0.000000,0.009793,-0.076423,0.039535,0.001918,-0.000747,0.000196,0.999998
0.010000,0.400000,-0.030000,0.010489,-0.076655,0.030846,0.002155,0.000242,0.000338,0.999998
0.000000,0.410000,-0.050000,0.009809,-0.076007,0.018758,0.001367,-0.000847,0.000496,0.999999
0.000000,0.410000,-0.050000,0.010337,-0.075774,0.010101,0.001765,0.000313,-0.000266,0.999998
0.000000,0.420000,-0.050000,0.010203,-0.076102,0.007593,0.002376,0.000124,-0.000285,0.999997
0.000000,0.420000,-0.060000,0.009828,-0.075845,0.003844,0.002346,-0.000495,-0.000493,0.999997
0.000000,0.420000,-0.060000,0.009750,-0.075356,0.002801,0.001640,-0.000531,-0.000697,0.999998
0.000000,0.420000,-0.060000,0.009682,-0.075457,0.001731,0.001891,-0.000502,-0.000999,0.999998
0.000000,0.420000,-0.060000,0.009608,-0.075333,0.000899,0.001726,-0.000584,-0.001046,0.999998
0.000000,0.420000,-0.060000,0.009723,-0.075292,0.000730,0.001655,-0.000414,-0.000995,0.999998
0.000000,0.420000,-0.060000,0.009781,-0.075516,0.000444,0.002020,-0.000352,-0.000902,0.999997
0.000000,0.420000,-0.070000,0.009794,-0.075831,0.000150,0.002512,-0.000337,-0.000865,0.999996
0.000000,0.420000,-0.070000,0.009830,-0.075553,0.000235,0.002150,-0.000335,-0.000775,0.999997
0.000000,0.420000,-0.060000,0.009874,-0.075514,0.000179,0.002119,-0.000309,-0.000682,0.999997
0.000000,0.420000,-0.060000,0.009919,-0.075539,0.000050,0.002212,-0.000245,-0.000658,0.999997
0.000000,0.420000,-0.060000,0.009949,-0.075489,0.000068,0.002144,-0.000221,-0.000640,0.999997
0.000000,0.420000,-0.060000,0.009949,-0.075489,0.000068,0.002144,-0.000221,-0.000640,0.999997
0.000000,0.430000,-0.060000,0.010014,-0.075401,0.000019,0.002064,-0.000148,-0.000659,0.999998
0.000000,0.430000,-0.060000,0.010014,-0.075401,0.000019,0.002064,-0.000148,-0.000659,0.999998
0.000000,0.430000,-0.060000,0.010109,-0.075126,0.000110,0.001704,-0.000074,-0.000634,0.999998
0.000000,0.430000,-0.060000,0.010083,-0.075277,-0.000058,0.001926,-0.000106,-0.000645,0.999998
0.000000,0.430000,-0.060000,0.010081,-0.075122,0.000051,0.001701,-0.000102,-0.000662,0.999998
0.000000,0.430000,-0.070000,0.010081,-0.075122,0.000051,0.001701,-0.000102,-0.000662,0.999998
0.000000,0.430000,-0.070000,0.010076,-0.075282,-0.000087,0.001939,-0.000111,-0.000661,0.999998
0.000000,0.430000,-0.060000,0.010058,-0.074658,0.000511,0.001012,-0.000189,-0.000606,0.999999
0.000000,0.430000,-0.060000,0.010022,-0.074465,0.001642,0.000715,-0.000379,-0.000352,1.000000
0.000000,0.430000,-0.060000,0.010322,-0.074595,0.005020,0.000882,-0.000006,-0.000235,1.000000
0.000000,0.430000,-0.050000,0.010546,-0.074866,0.008913,0.001167,0.000535,-0.000460,0.999999
0.000000,0.430000,-0.050000,0.010042,-0.075883,0.023184,0.001981,-0.000441,-0.000053,0.999998
-0.020000,0.420000,0.090000,0.009980,-0.075890,0.035180,0.001482,-0.000309,0.000136,0.999999
-0.110000,0.330000,0.810000,0.009411,-0.076537,0.043675,0.002472,-0.000900,-0.000376,0.999996
-0.290000,0.260000,1.980000,0.009422,-0.076394,0.057213,0.002047,-0.001114,0.000132,0.999997
-0.380000,0.280000,2.430000,0.009643,-0.076040,0.066604,0.002006,-0.000613,-0.000313,0.999998
-0.380000,0.320000,2.480000,0.009688,-0.076103,0.067941,0.002087,-0.000686,-0.000321,0.999998
-0.340000,0.360000,2.520000,0.009865,-0.076140,0.074428,0.002724,-0.000424,-0.000419,0.999996
-0.280000,0.380000,2.450000,0.009664,-0.075868,0.075581,0.002540,-0.000681,-0.000632,0.999996
-0.240000,0.390000,2.330000,0.009890,-0.075723,0.077641,0.002476,-0.000438,-0.000395,0.999997
-0.210000,0.430000,2.220000,0.010057,-0.075379,0.078649,0.002087,-0.000414,-0.000055,0.999998
-0.190000,0.500000,2.120000,0.010260,-0.075225,0.079109,0.001937,-0.000130,-0.000021,0.999998
-0.160000,0.550000,2.030000,0.010331,-0.075071,0.079408,0.001823,0.000027,-0.000154,0.999998
-0.130000,0.590000,1.960000,0.010315,-0.075107,0.079431,0.001859,0.000029,-0.000201,0.999998
-0.120000,0.600000,1.930000,0.010277,-0.075163,0.079485,0.001915,0.000013,-0.000268,0.999998
-0.120000,0.600000,1.920000,0.010254,-0.075181,0.079526,0.001937,-0.000002,-0.000343,0.999998
-0.120000,0.590000,1.940000,0.010232,-0.075200,0.079586,0.001952,0.000012,-0.000478,0.999998
-0.120000,0.570000,1.970000,0.010217,-0.075220,0.079612,0.001970,0.000001,-0.000522,0.999998
-0.120000,0.560000,1.990000,0.010173,-0.075251,0.079707,0.001976,-0.000010,-0.000626,0.999998
-0.120000,0.550000,2.000000,0.010173,-0.075251,0.079707,0.001976,-0.000010,-0.000626,0.999998
-0.130000,0.550000,2.010000,0.010131,-0.075336,0.079806,0.002057,-0.000041,-0.000613,0.999998
-0.140000,0.540000,2.020000,0.010131,-0.075336,0.079806,0.002057,-0.000041,-0.000613,0.999998
-0.140000,0.540000,2.030000,0.010136,-0.075331,0.079885,0.002071,-0.000044,-0.000607,0.999998
-0.140000,0.550000,2.030000,0.010136,-0.075331,0.079885,0.002071,-0.000044,-0.000607,0.999998
-0.130000,0.550000,2.030000,0.010155,-0.075259,0.079958,0.001995,-0.000016,-0.000613,0.999998
-0.120000,0.550000,2.030000,0.010148,-0.075254,0.079972,0.001997,-0.000029,-0.000608,0.999998
-0.110000,0.550000,1.990000,0.010146,-0.075297,0.079948,0.002053,-0.000031,-0.000619,0.999998
-0.110000,0.540000,1.890000,0.010211,-0.075841,0.079290,0.002698,0.000034,-0.000626,0.999996
-0.110000,0.530000,1.490000,0.010242,-0.075471,0.078078,0.002207,0.000030,-0.000574,0.999997
-0.080000,0.510000,0.770000,0.010807,-0.075356,0.072367,0.001966,0.000889,-0.000620,0.999997
-0.040000,0.470000,0.220000,0.010630,-0.076012,0.064237,0.002745,0.000689,-0.000304,0.999996
-0.010000,0.440000,0.030000,0.010115,-0.075851,0.051193,0.001857,-0.000030,-0.000034,0.999998
0.000000,0.430000,-0.010000,0.010398,-0.076707,0.034616,0.002856,0.000173,0.000352,0.999996
0.000000,0.420000,-0.040000,0.009886,-0.076250,0.024114,0.002060,-0.000692,0.000831,0.999997
0.000000,0.420000,-0.050000,0.009918,-0.076079,0.015746,0.002169,-0.000523,0.000451,0.999997
0.000000,0.420000,-0.050000,0.010321,-0.075998,0.009064,0.002565,0.000453,-0.000178,0.999997
0.000000,0.420000,-0.050000,0.010259,-0.076090,0.006443,0.002868,0.000292,-0.000106,0.999996
0.000000,0.420000,-0.050000,0.009870,-0.075601,0.003560,0.002370,-0.000349,-0.000426,0.999997
0.000000,0.420000,-0.060000,0.009729,-0.075338,0.002677,0.002007,-0.000435,-0.000685,0.999998
0.000000,0.420000,-0.060000,0.009691,-0.075450,0.001642,0.002327,-0.000339,-0.001065,0.999997
0.000000,0.420000,-0.060000,0.009631,-0.075349,0.000989,0.002147,-0.000428,-0.001043,0.999997
0.000000,0.420000,-0.060000,0.009670,-0.075395,0.000680,0.002209,-0.000382,-0.001007,0.999997
0.000000,0.420000,-0.060000,0.009790,-0.075616,0.000345,0.002583,-0.000253,-0.000920,0.999996
0.000000,0.420000,-0.060000,0.009804,-0.075546,0.000332,0.002516,-0.000238,-0.000915,0.999996
0.000000,0.420000,-0.060000,0.009830,-0.075533,0.000285,0.002531,-0.000218,-0.000877,0.999996
0.000000,0.420000,-0.060000,0.009841,-0.075429,0.000232,0.002422,-0.000220,-0.000857,0.999997
0.000000,0.420000,-0.060000,0.009887,-0.075363,0.000185,0.002363,-0.000164,-0.000790,0.999997
0.000000,0.420000,-0.060000,0.009887,-0.075363,0.000185,0.002363,-0.000164,-0.000790,0.999997
0.000000,0.420000,-0.060000,0.009910,-0.075292,0.000153,0.002293,-0.000150,-0.000739,0.999997
0.000000,0.420000,-0.060000,0.009961,-0.075133,0.000104,0.002109,-0.000135,-0.000638,0.999998
0.000000,0.420000,-0.060000,0.009961,-0.075133,0.000104,0.002109,-0.000135,-0.000638,0.999998
0.000000,0.420000,-0.060000,0.010061,-0.075106,0.000079,0.002069,-0.000053,-0.000514,0.999998
0.000000,0.420000,-0.060000,0.010061,-0.075106,0.000079,0.002069,-0.000053,-0.000514,0.999998
0.000000,0.420000,-0.060000,0.010067,-0.075151,0.000026,0.002144,-0.000037,-0.000522,0.999998
0.000000,0.420000,-0.060000,0.010072,-0.075187,0.000003,0.002187,-0.000035,-0.000504,0.999997
0.000000,0.420000,-0.060000,0.010077,-0.075201,-0.000012,0.002209,-0.000027,-0.000504,0.999997
0.000000,0.420000,-0.060000,0.010077,-0.075201,-0.000012,0.002209,-0.000027,-0.000504,0.999997
0.000000,0.420000,-0.060000,0.010071,-0.075213,-0.000027,0.002235,-0.000029,-0.000522,0.999997
0.000000,0.420000,-0.060000,0.010071,-0.075213,-0.000027,0.002235,-0.000029,-0.000522,0.999997
0.000000,0.420000,-0.060000,0.010066,-0.075204,-0.000027,0.002220,-0.000038,-0.000520,0.999997
0.000000,0.420000,-0.060000,0.010077,-0.075201,-0.000012,0.002209,-0.000027,-0.000504,0.999997
0.000000,0.420000,-0.060000,0.010077,-0.075201,-0.000012,0.002209,-0.000027,-0.000504,0.999997
0.000000,0.420000,-0.060000,0.010066,-0.075186,-0.000012,0.002194,-0.000038,-0.000503,0.999997
0.000000,0.420000,-0.060000,0.010066,-0.075186,-0.000012,0.002194,-0.000038,-0.000503,0.999997
0.000000,0.420000,-0.060000,0.010071,-0.075195,-0.000012,0.002209,-0.000029,-0.000504,0.999997
0.000000,0.420000,-0.060000,0.010066,-0.075186,-0.000012,0.002194,-0.000038,-0.000503,0.999997
0.000000,0.420000,-0.060000,0.010066,-0.075186,-0.000012,0.002194,-0.000038,-0.000503,0.999997
